1.000000 1.000000 1.000000 1.000000 1.000000 1.000000 1.000000 1.000000 1.000000 1.000000 1.000000 1.000000 1.000000 1.000000 1.000000 1.000000 1.000000 1.000000 1.000000 1.000000 1.000000 1.000000 1.000000 1.000000 1.000000 1.000000 1.000000 1.000000
1.000000 1.000000 1.000000 1.000000 1.000000 1.000000 1.000000 1.000000 1.000000 1.000000 1.000000 1.000000 1.000000 1.000000 1.000000 1.000000 1.000000 1.000000 1.000000 1.000000 1.000000 1.000000 1.000000 1.000000 1.000000 1.000000 1.000000 1.000000
1.000000 1.000000 1.000000 1.000000 1.000000 1.000000 1.000000 1.000000 1.000000 1.000000 1.000000 1.000000 1.000000 1.000000 1.000000 1.000000 1.000000 1.000000 1.000000 1.000000 1.000000 1.000000 1.000000 1.000000 1.000000 1.000000 1.000000 1.000000
1.000000 1.000000 1.000000 1.000000 1.000000 1.000000 1.000000 1.000000 1.000000 1.000000 1.000000 1.000000 1.000000 1.000000 1.000000 1.000000 1.000000 1.000000 1.000000 1.000000 1.000000 1.000000 1.000000 1.000000 1.000000 1.000000 1.000000 1.000000
1.000000 1.000000 1.000000 1.000000 1.000000 1.000000 0.051267 -0.092742 -0.213710 -0.375000 -0.513250 -0.524770 -0.398040 -0.305880 0.016705 0.131910 0.385370 0.529380 0.638820 0.736750 0.546660 0.322000 0.166470 -0.046659 -0.173390 -0.478690 -0.605410 -0.628460
-0.593890 -0.421080 -0.115780 0.201040 0.466010 0.673390 -0.138820 -0.294350 -0.265550 -0.161870 -0.173390 -0.282830 -0.363480 -0.300120 -0.236750 -0.063940 0.062788 0.229840 0.293200 0.483290 0.644590 0.460250 0.627300 0.575460 0.725230 0.224080 0.442970 0.322000
0.137670 -0.006336 -0.092742 -0.207950 -0.207950 -0.438360 -0.219470 -0.138820 0.183760 0.224080 0.298960 0.506340 0.615780 0.604260 0.765550 0.926840 0.823160 0.961410 0.938360 0.863480 0.898040 0.851960 0.828920 0.794350 0.592740 0.517860 0.466010 0.350810
0.287440 0.085829 0.149190 -0.133060 -0.409560 -0.392280 -0.743660 -0.697580 -0.755180 -0.697580 -0.403800 -0.380760 -0.507490 -0.547810 0.103110 0.057028 -0.104260 -0.081221 0.287440 0.396890 0.638820 0.823160 0.673390 1.070900 -0.046659 -0.236750 -0.150350 -0.490210
-0.467170 -0.288590 -0.611180 -0.663020 -0.599650 -0.726380 -0.830070 -0.720620 -0.593890 -0.484450 -0.006336 0.632650 0.699560 0.684940 0.692250 0.502190 0.465640 0.209800 0.034357 -0.192250 -0.404240 -0.513890 -0.565060 -0.521200 -0.243420 -0.184940 0.487570 0.582600
0.538740 0.816520 0.699560 0.633770 0.597220 0.334060 0.005117 -0.272660 -0.396930 -0.601610 -0.535820 -0.535820 0.546050 0.779970 0.962720 0.801900 0.648390 0.472950 0.312130 0.027047 -0.214180 -0.184940 -0.163010 -0.411550 -0.228800 -0.184940 -0.141080 0.012427
0.158630 0.268270 0.443710 0.524120 0.670320 0.692250 0.575290 0.399850 0.553360 0.355990 0.173250 0.217110 -0.016813 -0.272660 0.933480 0.779970 0.619150 0.758040 0.728800 0.597220 0.502190 0.363300 0.275580 0.085526 0.012427 -0.082602 -0.206870 -0.367690
-0.521200 -0.557750 -0.740500 -0.594300 -0.418860 -0.579680 -0.769740 -0.755120 -0.579680 -0.448100 -0.411550 -0.258040 -0.258040 0.041667 0.290200 0.684940 0.706870 0.918860 0.904240 0.706870 0.779970 0.918860 0.991960 1.108900 1.087000 0.823830 0.889620 0.663010
0.641080 0.100150 -0.579680 -0.638160 -0.367690 -0.301900 -0.133770 -0.060673 -0.067982 -0.214180 -0.418860 -0.082602 0.312130 0.538740 0.494880 0.999270 0.999270 -0.030612 0.002628 0.008601 0.045672 0.140625 0.263426 0.275384 0.158436 0.093563 0.000279 0.017400
0.148510 0.280243 0.408091 0.542801 0.298837 0.103684 0.027712 0.002177 0.030064 0.229144 0.366521 0.394962 0.352705 0.177308 0.013405 0.040417 0.217165 0.453454 0.019271 0.086642 0.070517 0.026202 0.030064 0.079993 0.132118 0.090072 0.056051 0.004088
0.003942 0.052826 0.085966 0.233569 0.415496 0.211830 0.393505 0.331154 0.525959 0.050212 0.196222 0.103684 0.018953 0.000040 0.008601 0.043243 0.043243 0.192159 0.048167 0.019271 0.033768 0.050212 0.089377 0.256380 0.379185 0.365130 0.586067 0.859032
0.677592 0.924309 0.880519 0.745598 0.806476 0.725836 0.687108 0.630992 0.351341 0.268179 0.217165 0.123068 0.082622 0.007367 0.022258 0.017705 0.167739 0.153884 0.553030 0.486618 0.570297 0.486618 0.163054 0.144978 0.257546 0.300096 0.010632 0.003252
0.010870 0.006597 0.082622 0.157522 0.408091 0.677592 0.453454 1.146827 0.002177 0.056051 0.022605 0.240306 0.218248 0.083284 0.373541 0.439596 0.359580 0.527628 0.689016 0.519293 0.352705 0.234692 0.000040 0.400246 0.035864 -0.063523 -0.147941 -0.188321
-0.238990 -0.110097 -0.013675 0.058805 -0.006753 -0.067787 -0.217757 -0.275913 -0.155502 -0.136255 0.266535 0.187597 0.089684 -0.038098 -0.121297 -0.303379 -0.361563 -0.209943 -0.003039 0.114812 0.045957 -0.120948 -0.249697 -0.360816 -0.075803 -0.229584 -0.255650 -0.129804
-0.112424 -0.133764 -0.113453 -0.008117 0.050707 0.011825 -0.010235 -0.094591 -0.067084 -0.089380 -0.090939 0.005720 0.099509 0.154379 0.321792 0.117445 0.296932 0.222905 0.079200 -0.002534 -0.051320 -0.074028 -0.036027 -0.095172 0.003690 0.037851 0.171536 0.174776
0.185101 0.383826 0.448780 0.360876 0.384452 0.336721 0.226846 0.082226 0.011661 -0.071325 -0.185778 -0.313257 -0.432033 -0.443049 -0.438924 -0.307764 -0.195193 -0.203358 -0.221254 -0.064811 -0.086482 0.059624 0.168554 0.101224 0.191894 -0.029066 -0.219153 -0.477800
-0.285434 -0.349865 -0.458893 -0.387230 0.080423 0.052401 -0.103422 -0.090066 0.312447 0.326970 0.568307 0.545763 0.431697 0.107251 0.027047 0.151084 0.055282 0.147994 0.062493 0.017510 0.041549 0.142006 0.251169 0.060000 -0.259090 -0.388227 -0.293904 -0.484096
-0.006332 -0.019367 0.489384 0.469143 0.479210 0.252195 0.216821 0.044016 0.001180 0.036960 0.163410 0.264083 0.319293 0.271649 0.059253 0.034203 0.237725 0.339423 0.290241 0.666705 0.489384 0.401664 0.356672 0.111596 0.000026 0.074343 0.157553 0.361935
0.287103 0.287103 0.298171 0.608353 0.926830 0.643044 0.420410 0.223682 0.097425 0.000732 0.045873 0.034203 0.026572 0.169373 0.052349 0.034203 0.019904 0.000154 0.025163 0.071969 0.196879 0.274702 0.449329 0.479210 0.330959 0.159880 0.306207 0.126729
0.030016 0.047137 0.000283 0.074343 0.871385 0.608353 0.383347 0.574625 0.531149 0.356672 0.252195 0.131987 0.075944 0.007315 0.000154 0.006823 0.042795 0.135196 0.271649 0.311085 0.548340 0.353192 0.175444 0.336029 0.592500 0.570206 0.336029 0.200794
0.169373 0.066585 0.066585 0.001736 0.084216 0.469143 0.499665 0.844304 0.817650 0.499665 0.608353 0.844304 0.983985 1.229659 1.181569 0.678696 0.791424 0.439582 0.410984 0.010030 0.336029 0.407248 0.135196 0.091144 0.017894 0.003681 0.004622 0.045873
0.175444 0.006823 0.097425 0.290241 0.244906 0.998541 0.998541 0.000937 0.000135 -0.000798 -0.009761 -0.052734 -0.135203 -0.144513 -0.063064 -0.028619 0.000005 0.002295 0.057231 0.148355 0.260697 0.399908 0.163362 0.033386 0.004613 -0.000102 -0.005213 -0.109689
-0.221896 -0.248218 -0.209468 -0.074661 -0.001552 0.008125 0.101201 0.305351 -0.002675 -0.025503 -0.018726 -0.004241 -0.005213 -0.022624 -0.048022 -0.027032 -0.013270 -0.000261 0.000248 0.012142 0.025205 0.112882 0.267825 0.097495 0.246846 0.190566 0.381441 0.011251
0.086921 0.033386 0.002609 -0.000000 -0.000798 -0.008992 -0.008992 -0.084235 -0.010571 -0.002675 0.006205 0.011251 0.026720 0.129816 0.233495 0.220634 0.448663 0.796186 0.557767 0.888640 0.826244 0.643809 0.724248 0.618383 0.569558 0.501228 0.208254 0.138879
0.101201 0.043173 0.023749 0.000632 0.003321 -0.002356 -0.068699 -0.060365 -0.411266 -0.339455 -0.430677 -0.339455 -0.065841 -0.055202 -0.130702 -0.164395 0.001096 0.000185 -0.001133 -0.000536 0.023749 0.062519 0.260697 0.557767 0.305351 1.228137 -0.000102 -0.013270
-0.003399 -0.117800 -0.101959 -0.024035 -0.228301 -0.291461 -0.215622 -0.383258 -0.571932 -0.374213 -0.209468 -0.113696 -0.000000 0.253216 0.001839 0.005891 0.031616 0.070620 0.122661 0.057775 0.005443 -0.017987 -0.000113 -0.008942 -0.083917 -0.146063 -0.099338 -0.100386
0.145704 0.060406 0.014930 0.001778 0.021032 0.145225 0.218894 0.131941 0.001805 -0.048345 -0.005321 -0.024315 -0.116362 -0.242970 0.010523 0.067578 0.067888 0.021011 0.019493 0.037833 0.041238 0.002436 -0.012005 -0.000756 -0.000643 -0.021741 -0.019669 -0.043196
-0.058618 0.002632 0.062422 0.088839 0.233373 0.026317 0.131532 0.071775 0.010903 0.000016 0.004759 0.015394 0.007492 0.041720 -0.000810 -0.005254 0.031522 0.039164 0.055338 0.194346 0.276350 0.218063 0.294317 0.312086 0.186731 0.079052 0.010942 -0.061588
-0.166836 -0.266883 -0.358121 -0.351936 -0.260168 -0.159379 -0.090962 -0.071340 -0.063597 -0.005563 -0.012902 -0.007934 -0.069033 -0.039708 -0.142704 0.020276 0.165500 0.333304 0.115258 0.133215 0.232883 0.212129 0.008292 0.002988 0.010783 0.007315 0.089810 0.129771
0.363046 0.449251 0.290700 0.114855 -0.001262 -0.035769 -0.008312 -0.072548 -0.029195 -0.005053 -0.025394 -0.094153 -0.150614 -0.043583 0.215063 0.279764 0.174547 0.234520 0.000040 -0.012252 0.025089 -0.043509 -0.102412 -0.094573 -0.111283 -0.023098 -0.000470 -0.011305
0.002730 0.034835 0.123046 0.143806 0.037852 0.025199 0.129954 0.109294 0.048316 -0.031108 -0.084854 -0.192273 -0.215933 -0.070134 -0.000016 -0.031305 -0.018242 0.072763 0.133793 0.193332 -0.041392 -0.179069 -0.246120 -0.104089 -0.072895 -0.063264 -0.035412 -0.000220
-0.010860 -0.002187 0.001668 0.038929 0.015349 0.016530 0.012830 0.000071 0.015785 0.041415 0.142782 0.061555 0.199039 0.154306 0.045563 -0.001013 -0.028398 -0.026353 -0.006242 -0.020663 -0.000062 -0.010320 0.160126 0.136320 0.114605 0.290955 0.327071 0.215522
0.193068 0.122331 0.062514 0.007032 0.000145 0.005892 0.038432 0.115182 0.225176 0.247110 0.325023 0.182904 0.081759 0.117882 0.170308 0.048940 0.050132 -0.026718 -0.069369 -0.026120 -0.049516 -0.001211 -0.063598 -0.327265 -0.201765 -0.321477 -0.414949 -0.273722
0.062727 0.048149 -0.102590 -0.099874 0.339630 0.269368 0.505577 0.361847 0.276752 0.010741 -0.015679 -0.096416 -0.020327 -0.044680 -0.008360 -0.001062 -0.002825 -0.030415 -0.105205 -0.004956 -0.080870 -0.209153 -0.145447 -0.483743 -0.006327 0.000593 0.342354 0.321335
0.331733 0.126650 0.100960 0.009235 0.000041 -0.007106 -0.066057 -0.135710 -0.180420 -0.141584 -0.014423 -0.006325 0.115907 0.197748 0.156364 0.544378 0.342354 0.254563 0.213011 0.037280 0.000000 -0.020270 -0.062538 -0.217743 -0.153836 -0.153836 0.162816 0.474497
0.892278 0.515657 0.272589 0.105790 0.030409 0.000020 -0.009825 -0.006325 -0.004332 -0.069706 -0.011978 -0.006325 -0.002808 0.000002 0.003992 0.019307 0.087357 0.143977 0.301194 0.331733 0.190397 0.063928 0.169443 0.045114 0.005200 0.010234 -0.000005 -0.020270
0.813420 0.474497 0.237349 0.435588 0.387102 0.213011 0.126650 0.047951 0.020929 0.000626 0.000002 -0.000564 -0.008853 -0.049710 -0.141584 -0.173508 -0.406046 -0.209902 -0.073486 -0.194789 -0.456071 -0.430574 -0.194789 -0.089976 -0.069706 -0.017182 -0.017182 0.000072
0.024439 0.321335 0.353198 0.775797 0.739352 0.353198 0.474497 0.775797 0.976073 1.363569 1.284366 0.559130 0.704066 0.291447 0.263473 0.001005 -0.194789 -0.259890 -0.049710 -0.027516 -0.002394 -0.000223 -0.000314 -0.009825 -0.073486 -0.000564 0.030409 0.156364
0.121199 0.997812 0.997812 -0.000029 0.000007 0.000074 0.002086 0.019775 0.069393 0.075836 0.025102 0.008754 0.000000 0.000303 0.022055 0.078536 0.166538 0.294632 0.089304 0.010750 0.000768 0.000005 0.000904 0.052507 0.134338 0.155995 0.124401 0.031438
0.000180 0.001634 0.047161 0.205621 0.000371 0.007507 0.004973 0.000687 0.000904 0.006399 0.017455 0.008113 0.003142 0.000017 0.000016 0.002791 0.007390 0.054555 0.172637 0.044872 0.154846 0.109663 0.276632 0.002521 0.038503 0.010750 0.000359 0.000000
0.000074 0.001870 0.001870 0.036925 0.002320 0.000371 0.001140 0.002521 0.007988 0.065731 0.143781 0.133320 0.343474 0.737937 0.459131 0.854347 0.775315 0.555916 0.650403 0.526838 0.472118 0.398151 0.123440 0.071920 0.047161 0.015146 0.006826 0.000054
0.000495 0.000313 0.028137 0.023680 0.305842 0.236797 0.325238 0.236797 0.026587 0.021019 0.066330 0.090057 0.000113 0.000011 0.000118 0.000044 0.006826 0.024813 0.166538 0.459131 0.205621 1.315212 0.000005 0.003142 0.000511 0.057747 0.047632 0.006936
0.139533 0.193244 0.129298 0.278391 0.474743 0.269665 0.124401 0.055080 0.000000 0.160197 0.000094 -0.000546 -0.006757 -0.026483 -0.062956 -0.030319 -0.002167 0.005502 -0.000002 -0.001180 -0.032339 -0.077323 -0.063459 -0.073959 0.079651 0.019451 0.002485 -0.000083
-0.003647 -0.069518 -0.132521 -0.082920 -0.001072 0.020357 0.000616 -0.004888 -0.054226 -0.163613 -0.001461 -0.019892 -0.018028 -0.003401 -0.003380 -0.010700 -0.014989 -0.000731 0.002842 0.000048 -0.000040 -0.004997 -0.005767 -0.020876 -0.037785 0.001212 0.039157 0.051123
0.169249 0.005897 0.058265 0.023112 0.001501 -0.000000 -0.000441 -0.003201 -0.001558 -0.018288 0.000178 0.000729 0.005792 0.008776 0.016544 0.098405 0.170171 0.131767 0.225314 0.289254 0.153709 0.076002 0.010268 -0.053180 -0.149825 -0.227373 -0.296854 -0.279560
-0.154212 -0.082536 -0.042389 -0.025027 -0.018280 -0.000477 -0.001925 0.001056 0.028273 0.015577 0.106123 -0.014144 -0.124982 -0.232506 -0.046541 -0.050723 -0.118186 -0.116206 0.000855 0.000170 -0.001124 -0.000594 0.025815 0.051505 0.231921 0.369805 0.195755 0.122998
0.000059 0.008468 0.001250 0.035564 0.013639 0.001458 0.015520 0.062425 0.090316 0.031658 -0.178517 -0.201604 -0.103662 -0.113613 -0.000000 -0.007751 0.001286 0.004035 0.021886 0.035465 0.057116 0.012121 0.000187 0.003458 0.000046 0.004595 0.047418 0.076128
0.024181 0.018565 0.071041 0.035193 0.008043 0.001451 0.014713 0.092039 0.130728 0.044076 0.000009 0.013182 0.002112 0.014628 0.062349 0.130188 0.005746 0.052709 0.065357 0.016849 0.012639 0.017893 0.012872 0.000066 0.002571 0.000140 0.000105 0.008947
0.004500 0.007989 0.008270 0.000033 0.009902 0.023833 0.103550 0.013793 0.088168 0.049686 0.006273 0.000006 0.002634 0.005480 0.001298 0.009058 0.000014 0.001433 0.029425 0.030547 0.034262 0.147322 0.201404 0.130232 0.147803 0.113381 0.051459 0.006761
0.000136 0.005087 0.034513 0.098130 0.186653 0.196292 0.192654 0.094719 0.038100 0.041354 0.048953 0.004200 0.007479 0.003555 0.028411 0.010246 0.036823 0.000845 0.048028 0.228293 0.081473 0.122406 0.210583 0.149947 0.006468 0.002746 0.010696 0.008112
0.097623 0.106909 0.322973 0.297858 0.186362 0.011503 0.000732 0.022826 0.003056 0.021902 0.003905 0.000307 0.001726 0.020166 0.063086 0.003600 0.067127 0.150720 0.086380 0.234349 0.000040 0.000375 0.017551 -0.029801 -0.070895 -0.047494 -0.051818 -0.004846
-0.000016 0.002173 -0.001103 -0.017901 -0.069528 -0.074952 -0.009214 -0.004660 0.063362 0.063675 0.026030 -0.025400 -0.059361 -0.121857 -0.128959 -0.023429 -0.000000 0.008535 0.007241 -0.043775 -0.071689 -0.103591 -0.022602 -0.139668 -0.236944 -0.083469 -0.047264 -0.029921
-0.011053 -0.000006 0.002326 0.000404 -0.000272 -0.016021 -0.003512 -0.003057 -0.001810 0.000001 0.002504 0.011110 0.063354 0.032262 0.133420 0.106818 0.026212 -0.000405 -0.015714 -0.009382 -0.001081 -0.004486 0.000001 0.002814 0.149474 0.106325 0.070958 0.220556
0.238369 0.128714 0.096957 0.044443 0.017228 0.000601 0.000002 -0.000487 -0.007950 -0.042351 -0.117362 -0.137826 -0.240680 -0.108700 -0.034245 -0.068334 -0.131093 -0.036956 -0.029061 0.011972 0.028549 0.006740 0.012777 -0.000050 -0.018456 -0.224157 -0.142621 -0.295392
-0.375214 -0.193486 0.048925 0.044242 -0.101765 -0.110750 0.369178 0.221913 0.449772 0.239908 0.177420 0.001076 0.009089 0.061529 0.007474 0.013489 0.001118 0.000064 0.000192 0.006514 0.044066 0.000409 -0.025242 -0.112679 -0.071979 -0.483390 -0.006323 -0.000018
0.239497 0.220095 0.229642 0.063602 0.047011 0.001937 0.000001 0.001366 0.026703 0.069740 0.101948 0.073793 0.003511 0.001170 0.056513 0.115208 0.084240 0.444495 0.239497 0.161334 0.127215 0.012454 0.000000 0.005527 0.024823 0.130997 0.082428 0.082428
0.088906 0.370094 0.859013 0.413505 0.176744 0.050034 0.009492 0.000001 0.002104 0.001170 0.000706 0.028687 0.002740 0.001170 0.000396 0.000000 0.000633 0.005180 0.038761 0.075461 0.201896 0.229642 0.109534 0.025562 0.093763 0.016060 0.000901 0.002222
0.000000 0.005527 0.759312 0.370094 0.146955 0.330193 0.282120 0.127215 0.063602 0.017421 0.005768 0.000054 0.000000 0.000047 0.001831 0.018278 0.073793 0.096774 0.300677 0.124745 0.030780 0.112915 0.351056 0.325135 0.112915 0.040318 0.028687 0.004434
0.004434 0.000003 0.007092 0.220095 0.249665 0.712849 0.668551 0.249665 0.370094 0.712849 0.968226 1.512062 1.396105 0.460628 0.626352 0.193233 0.168907 0.000101 0.112915 0.165851 0.018278 0.008307 0.000320 0.000014 0.000021 0.002104 0.030780 0.000047
0.009492 0.084240 0.059979 0.997083 0.997083 0.000001 0.000000 -0.000007 -0.000446 -0.007416 -0.035616 -0.039797 -0.009992 -0.002678 0.000000 0.000040 0.008499 0.041576 0.106388 0.217070 0.048819 0.003462 0.000128 -0.000000 -0.000157 -0.025135 -0.081329 -0.098037
-0.073881 -0.013238 -0.000021 0.000328 0.021977 0.138463 -0.000052 -0.002210 -0.001320 -0.000111 -0.000157 -0.001810 -0.006345 -0.002435 -0.000744 -0.000001 0.000001 0.000641 0.002167 0.026366 0.111280 0.020652 0.097135 0.063107 0.200622 0.000565 0.017056 0.003462
0.000049 -0.000000 -0.000007 -0.000389 -0.000389 -0.016187 -0.000509 -0.000052 0.000210 0.000565 0.002388 0.033282 0.088538 0.080560 0.262947 0.683949 0.377939 0.821378 0.727524 0.480022 0.584088 0.448845 0.391348 0.316271 0.073168 0.037244 0.021977 0.005313
0.001962 0.000005 0.000074 -0.000042 -0.011524 -0.009289 -0.227443 -0.165185 -0.245614 -0.165185 -0.010736 -0.008003 -0.033662 -0.049334 0.000012 0.000001 -0.000012 -0.000004 0.001962 0.009848 0.106388 0.377939 0.138463 1.408460 -0.000000 -0.000744 -0.000077 -0.028308
-0.022252 -0.002002 -0.085280 -0.128125 -0.077533 -0.202218 -0.394070 -0.194326 -0.073881 -0.026684 -0.000000 0.101349 0.000005 0.000051 0.001444 0.009931 0.032312 0.015910 0.000862 -0.001683 -0.000000 -0.000156 -0.012463 -0.040933 -0.040539 -0.054489 0.043542 0.006263
0.000414 0.000004 0.000632 0.033277 0.080229 0.052112 0.000637 -0.008572 -0.000071 -0.000983 -0.025270 -0.110176 0.000203 0.005855 0.004787 0.000551 0.000586 0.003026 0.005448 0.000219 -0.000673 -0.000003 -0.000003 -0.001148 -0.001691 -0.010089 -0.024356 0.000558
0.024563 0.029419 0.122745 0.001321 0.025809 0.007442 0.000207 0.000000 0.000041 0.000666 0.000324 0.008017 -0.000039 -0.000101 0.001064 0.001966 0.004946 0.049827 0.104788 0.079621 0.172489 0.268092 0.126527 0.073069 0.009635 -0.045920 -0.134549 -0.193713
-0.246068 -0.222069 -0.091408 -0.042742 -0.019754 -0.008780 -0.005255 -0.000041 -0.000287 -0.000140 -0.011580 -0.006110 -0.078920 0.009867 0.094384 0.162192 0.018793 0.019313 0.059978 0.063659 0.000088 0.000010 0.000117 0.000048 0.007420 0.020442 0.148156 0.304409
0.131819 0.131718 -0.000003 -0.002005 -0.000188 -0.017434 -0.006372 -0.000421 -0.009486 -0.041389 -0.054158 -0.022996 0.148182 0.145280 0.061564 0.055040 0.000000 -0.004904 0.000066 -0.000374 -0.004677 -0.013299 -0.029315 -0.006361 -0.000074 -0.001058 0.000001 0.000606
0.018274 0.040301 0.015447 0.013678 0.038835 0.011332 0.001339 -0.000068 -0.002551 -0.044058 -0.079144 -0.027700 -0.000005 -0.005551 -0.000245 0.002941 0.029055 0.087667 -0.000798 -0.015515 -0.017356 -0.002727 -0.002192 -0.005061 -0.004679 -0.000020 -0.000609 -0.000009
0.000007 0.002056 0.001319 0.003861 0.005331 0.000015 0.006212 0.013715 0.075098 0.003091 0.039056 0.015999 0.000864 -0.000000 -0.000244 -0.001140 -0.000270 -0.003971 -0.000003 -0.000199 0.005407 0.006845 0.010243 0.074595 0.124020 0.078694 0.113151 0.105086
0.042359 0.006500 0.000128 0.004393 0.030994 0.083603 0.154720 0.155925 0.114194 0.049051 0.017755 0.014507 0.014071 0.000361 0.001116 -0.000473 -0.011636 -0.004019 -0.027384 -0.000589 -0.036270 -0.159253 -0.032899 -0.046607 -0.106869 -0.082143 0.000667 0.000157
-0.001115 -0.000659 0.028061 0.042431 0.206322 0.245184 0.125494 0.012318 -0.000034 -0.005404 -0.000459 -0.010737 -0.001824 -0.000088 -0.001055 -0.013370 -0.037830 -0.002615 -0.055721 -0.108612 -0.051300 -0.113531 -0.000000 0.000237 0.000900 0.002764 0.015151 0.017810
0.026596 0.002543 0.000006 -0.000665 -0.000018 -0.002361 -0.026794 -0.039678 -0.005886 -0.003433 0.034637 0.020503 0.004333 0.001185 0.010293 0.058332 0.078073 0.014724 0.000000 -0.003594 -0.000838 -0.008801 -0.033408 -0.069757 0.003138 0.041111 0.062921 0.013511
0.008195 0.008462 0.004018 0.000002 -0.000551 -0.000026 -0.000017 -0.003682 -0.001030 -0.001477 -0.001167 0.000000 0.001571 0.006394 0.045946 0.007229 0.059101 0.034395 0.003609 0.000003 0.001457 0.001951 0.000225 0.001967 -0.000000 -0.000391 0.027467 0.023825
0.021214 0.111676 0.146783 0.077777 0.074225 0.041191 0.014181 0.000578 0.000002 -0.000420 -0.007140 -0.036081 -0.097283 -0.109482 -0.142660 -0.056291 -0.015959 -0.023972 -0.037681 -0.003172 -0.004336 -0.001593 -0.011692 -0.002644 -0.009502 0.000035 0.013938 0.156367
0.057591 0.112474 0.190417 0.105993 0.005045 0.002523 0.010610 0.008995 0.106117 0.088075 0.287323 0.197483 0.119473 0.001152 -0.000424 -0.014567 -0.001124 -0.006612 -0.000522 -0.000019 -0.000117 -0.004319 -0.026424 -0.000297 0.020953 0.081199 0.042748 0.234178
0.000040 -0.000011 0.012278 -0.020412 -0.049077 -0.023851 -0.024128 -0.001017 -0.000001 -0.000418 0.000446 0.009199 0.039288 0.039065 0.002243 0.000862 0.030893 0.037097 0.014023 -0.020740 -0.041526 -0.077229 -0.077017 -0.007827 -0.000000 -0.002327 -0.002874 0.026336
0.038412 0.055506 -0.012342 -0.108937 -0.228111 -0.066934 -0.030646 -0.014151 -0.003450 -0.000000 -0.000498 -0.000075 0.000044 0.006594 0.000804 0.000565 0.000255 0.000000 0.000397 0.002981 0.028111 0.016909 0.089434 0.073945 0.015079 -0.000162 -0.008696 -0.003340
-0.000187 -0.000974 -0.000000 -0.000767 0.139531 0.082931 0.043934 0.167190 0.173724 0.076871 0.048691 0.016146 0.004748 0.000051 0.000000 0.000040 0.001645 0.015572 0.061169 0.076872 0.178223 0.064600 0.014344 0.039612 0.100907 0.027906 0.016846 -0.005365
-0.011749 -0.001739 -0.003297 -0.000002 -0.005356 -0.153534 -0.100815 -0.271424 -0.339283 -0.136769 0.038160 0.040652 -0.100947 -0.122811 0.401297 0.182819 0.400126 0.159061 0.113741 0.000108 -0.005269 -0.039265 -0.002748 -0.004072 -0.000150 -0.000004 -0.000013 -0.001395
-0.018458 -0.000034 -0.007879 -0.060705 -0.035621 -0.483037 -0.006318 0.000001 0.167542 0.150752 0.158970 0.031940 0.021890 0.000406 0.000000 -0.000263 -0.010794 -0.035839 -0.057607 -0.038461 -0.000855 -0.000216 0.027554 0.067120 0.045383 0.362939 0.167542 0.102249
0.075975 0.004160 0.000000 -0.001507 -0.009853 -0.078809 -0.044167 -0.044167 0.048547 0.288662 0.826989 0.331590 0.114599 0.023663 0.002963 0.000000 -0.000451 -0.000216 -0.000115 -0.011806 -0.000627 -0.000216 -0.000056 0.000000 0.000100 0.001390 0.017199 0.039551
0.135335 0.158970 0.063014 0.010221 0.051885 0.005717 0.000156 0.000482 -0.000000 -0.001507 0.708802 0.288662 0.090987 0.250300 0.205609 0.075975 0.031940 0.006329 0.001589 0.000005 0.000000 -0.000004 -0.000379 -0.006721 -0.038461 -0.053976 -0.222651 -0.074136
-0.012893 -0.065455 -0.270222 -0.245516 -0.065455 -0.018067 -0.011806 -0.001144 -0.001144 0.000000 0.002058 0.150752 0.176481 0.655008 0.604531 0.176481 0.288662 0.655008 0.960441 1.676725 1.517566 0.379479 0.557215 0.128115 0.108283 0.000010 -0.065455 -0.105840
-0.006721 -0.002508 -0.000043 -0.000001 -0.000001 -0.000451 -0.012893 -0.000004 0.002963 0.045383 0.029682 0.996355 0.996355 -0.000000 0.000000 0.000001 0.000095 0.002781 0.018280 0.020884 0.003977 0.000819 0.000000 0.000005 0.003275 0.022009 0.067963 0.159927
0.026687 0.001115 0.000021 0.000000 0.000027 0.012032 0.049238 0.061612 0.043877 0.005574 0.000002 0.000066 0.010242 0.093240 0.000007 0.000650 0.000351 0.000018 0.000027 0.000512 0.002306 0.000731 0.000176 0.000000 0.000000 0.000147 0.000635 0.012742
0.071730 0.009505 0.060933 0.036315 0.145497 0.000127 0.007555 0.001115 0.000007 0.000000 0.000001 0.000081 0.000081 0.007096 0.000112 0.000007 0.000039 0.000127 0.000714 0.016852 0.054520 0.048679 0.201299 0.633911 0.311104 0.789681 0.682680 0.414490
0.524535 0.382398 0.324396 0.251230 0.043370 0.019287 0.010242 0.001864 0.000564 0.000000 0.000011 0.000006 0.004720 0.003644 0.169140 0.115230 0.185482 0.115230 0.004335 0.003047 0.017083 0.027026 0.000001 0.000000 0.000001 0.000000 0.000564 0.003909
0.067963 0.311104 0.093240 1.508320 0.000000 0.000176 0.000012 0.013877 0.010396 0.000578 0.052121 0.084949 0.046493 0.146887 0.327106 0.140035 0.043877 0.012927 0.000000 0.064118 0.000000 -0.000005 -0.000309 -0.003724 -0.016584 -0.008349 -0.000343 0.000515
-0.000000 -0.000021 -0.004803 -0.021669 -0.025897 -0.040145 0.023803 0.002017 0.000069 -0.000000 -0.000110 -0.015930 -0.048572 -0.032750 -0.000378 0.003609 0.000008 -0.000198 -0.011776 -0.074191 -0.000028 -0.001723 -0.001271 -0.000089 -0.000102 -0.000856 -0.001980 -0.000066
0.000159 0.000000 -0.000000 -0.000264 -0.000496 -0.004876 -0.015699 0.000257 0.015409 0.016930 0.089018 0.000296 0.011433 0.002396 0.000028 -0.000000 -0.000004 -0.000138 -0.000067 -0.003514 0.000009 0.000014 0.000196 0.000441 0.001479 0.025229 0.064526 0.048112
0.132049 0.248479 0.104152 0.070249 0.009041 -0.039651 -0.120830 -0.165036 -0.203971 -0.176400 -0.054181 -0.022134 -0.009205 -0.003080 -0.001510 -0.000004 -0.000043 0.000019 0.004743 0.002397 0.058689 -0.006883 -0.071277 -0.113142 -0.007589 -0.007354 -0.030438 -0.034873
0.000009 0.000001 -0.000012 -0.000004 0.002133 0.008113 0.094645 0.250577 0.088766 0.141057 0.000000 0.000475 0.000028 0.008546 0.002977 0.000121 0.005797 0.027442 0.032476 0.016704 -0.123001 -0.104691 -0.036562 -0.026664 -0.000000 -0.003102 0.000003 0.000035
0.001000 0.004987 0.015046 0.003338 0.000030 0.000324 0.000000 0.000080 0.007042 0.021334 0.009868 0.010077 0.021230 0.003649 0.000223 0.000003 0.000442 0.021090 0.047915 0.017408 0.000003 0.002337 0.000028 0.000591 0.013540 0.059034 0.000111 0.004567
0.004609 0.000441 0.000380 0.001431 0.001701 0.000006 0.000144 0.000001 0.000000 0.000473 0.000387 0.001866 0.003436 0.000007 0.003896 0.007892 0.054463 0.000693 0.017301 0.005152 0.000119 0.000000 0.000023 0.000237 0.000056 0.001741 0.000001 0.000028
0.000994 0.001534 0.003062 0.037771 0.076369 0.047551 0.086622 0.097398 0.034868 0.006249 0.000120 0.003793 0.027834 0.071226 0.128251 0.123859 0.067687 0.025402 0.008274 0.005089 0.004045 0.000031 0.000166 0.000063 0.004766 0.001577 0.020364 0.000411
0.027390 0.111092 0.013284 0.017746 0.054235 0.044999 0.000069 0.000009 0.000116 0.000054 0.008066 0.016841 0.131802 0.201826 0.084507 0.013192 0.000002 0.001279 0.000069 0.005263 0.000852 0.000026 0.000645 0.008865 0.022684 0.001899 0.046252 0.078268
0.030467 0.055000 0.000000 0.000150 0.000046 -0.000256 -0.003238 -0.006679 -0.013650 -0.001335 -0.000003 0.000203 -0.000000 -0.000311 -0.010326 -0.021005 -0.003760 -0.002530 0.018935 0.006602 0.000721 -0.000055 -0.001785 -0.027923 -0.047266 -0.009254 -0.000000 0.001513
0.000097 -0.001769 -0.015568 -0.046974 -0.000436 -0.012101 -0.016709 -0.002187 -0.001421 -0.002393 -0.001460 -0.000001 0.000130 0.000002 -0.000001 -0.000846 -0.000302 -0.000714 -0.000752 0.000000 0.000985 0.003679 0.033322 0.001620 0.026180 0.011075 0.000497 -0.000000
-0.000135 -0.000406 -0.000047 -0.000862 0.000000 0.000054 0.005047 0.005339 0.006342 0.056546 0.090386 0.046997 0.056823 0.038178 0.011673 0.000556 0.000002 -0.000363 -0.006412 -0.030740 -0.080640 -0.086967 -0.084561 -0.029151 -0.007437 -0.008410 -0.010831 -0.000272
-0.000647 0.000212 0.004789 0.001037 0.007066 -0.000025 -0.010526 -0.109079 -0.023255 -0.042825 -0.096635 -0.058064 0.000520 0.000144 -0.001106 -0.000731 0.030502 0.034956 0.183548 0.162560 0.080452 0.001234 0.000020 0.003449 0.000169 0.003241 0.000244 0.000005
0.000072 0.002864 0.015845 0.000216 -0.017392 -0.058514 -0.025387 -0.113448 -0.000000 -0.000007 0.000629 0.001893 0.010488 0.008944 0.012384 0.000534 0.000000 0.000128 0.000007 0.001213 0.015140 0.020680 0.001433 0.000635 0.016888 0.011945 0.002334 0.000968
0.007200 0.036969 0.046627 0.004919 0.000000 0.000980 0.000333 0.005295 0.017901 0.037377 0.001713 0.032066 0.060575 0.010835 0.005314 0.004002 0.001254 0.000000 0.000118 0.000005 0.000003 0.001515 0.000236 0.000273 0.000165 0.000000 0.000249 0.001715
0.020387 0.003789 0.039617 0.023810 0.002076 0.000001 0.000806 0.000694 0.000039 0.000427 0.000000 0.000107 0.025640 0.018583 0.013134 0.084655 0.106976 0.046450 0.037275 0.014965 0.003908 0.000049 0.000000 0.000035 0.001477 0.013267 0.050704 0.061064
0.105640 0.033454 0.006684 0.013896 0.029005 0.002395 0.002513 0.000714 0.004812 0.000682 0.002452 0.000001 0.004045 0.107102 0.040709 0.103348 0.172183 0.074924 0.003935 0.002318 0.010525 0.009975 0.115349 0.072559 0.255608 0.130933 0.076592 0.000115
0.000246 0.009296 0.000413 0.001996 0.000070 0.000001 0.000008 0.000925 0.011068 0.000025 0.006540 0.043745 0.021155 0.234007 0.000040 0.000000 0.008589 -0.013981 -0.033973 -0.011978 -0.011235 -0.000213 -0.000000 0.000080 -0.000180 -0.004727 -0.022200 -0.020361
-0.000546 -0.000159 0.015063 0.021613 0.007555 -0.016934 -0.029050 -0.048945 -0.045996 -0.002615 -0.000000 0.000635 0.001141 -0.015844 -0.020582 -0.029741 -0.006739 -0.084968 -0.219607 -0.053674 -0.019870 -0.006693 -0.001077 -0.000000 0.000107 0.000014 -0.000007 -0.002714
-0.000184 -0.000105 -0.000036 0.000000 0.000063 0.000800 0.012473 0.008863 0.059949 0.051188 0.008675 -0.000065 -0.004812 -0.001189 -0.000032 -0.000211 0.000000 0.000209 0.130250 0.064683 0.027201 0.126737 0.126610 0.045909 0.024452 0.005866 0.001308 0.000004
0.000000 -0.000003 -0.000340 -0.005726 -0.031881 -0.042876 -0.131974 -0.038392 -0.006008 -0.022962 -0.077673 -0.021072 -0.009765 0.002404 0.004835 0.000449 0.000851 -0.000000 -0.001554 -0.105161 -0.071263 -0.249401 -0.306793 -0.096678 0.029764 0.037354 -0.100136 -0.136185
0.436209 0.150612 0.355960 0.105459 0.072917 0.000011 0.003054 0.025058 0.001010 0.001229 0.000020 0.000000 0.000001 0.000299 0.007731 0.000003 -0.002459 -0.032704 -0.017628 -0.482684 -0.006313 -0.000000 0.117206 0.103256 0.110047 0.016040 0.010193 0.000085
0.000000 0.000050 0.004364 0.018417 0.032551 0.020046 0.000208 0.000040 0.013435 0.039104 0.024450 0.296347 0.117206 0.064802 0.045374 0.001390 0.000000 0.000411 0.003911 0.047412 0.023665 0.023665 0.026509 0.225148 0.796159 0.265902 0.074305 0.011192
0.000925 0.000000 0.000097 0.000040 0.000019 0.004859 0.000143 0.000040 0.000008 0.000000 0.000016 0.000373 0.007631 0.020729 0.090718 0.110047 0.036251 0.004087 0.028711 0.002035 0.000027 0.000105 0.000000 0.000411 0.661653 0.225148 0.056335 0.189737
0.149848 0.045374 0.016040 0.002299 0.000438 0.000000 0.000000 0.000000 0.000078 0.002471 0.020046 0.030105 0.164873 0.044059 0.005400 0.037943 0.208000 0.185394 0.037943 0.008096 0.004859 0.000295 0.000295 0.000000 0.000597 0.103256 0.124749 0.601861
0.546641 0.124749 0.225148 0.601861 0.952719 1.859321 1.649595 0.312626 0.495709 0.084942 0.069418 0.000001 0.037943 0.067543 0.002471 0.000757 0.000006 0.000000 0.000000 0.000097 0.005400 0.000000 0.000925 0.024450 0.014689 0.995628 0.995628 0.000000
